98	3767cfec-e1f9-4c0e-8639-0f1a91e72903	1483138493.17	1483138496.49	1483138502.41	5.92166686058	worker-1
102	91b06dc1-a2a5-43eb-9047-aae92a81a633	1483138501.31	1483138509.5	1483138515.13	5.62767386436	worker-3
104	bd59e3ac-c380-4dae-91f8-c97c8de62669	1483138505.34	1483138517.9	1483138521.94	4.04000997543	worker-4
107	a005351b-0d24-41fd-ae84-53b93b53c5ef	1483138511.06	1483138527.39	1483138530.82	3.4291369915	worker-5
112	f6ffde25-ea5e-4f16-afc0-415c07880027	1483138520.71	1483138544.08	1483138547.97	3.89230084419	worker-7
115	3845ecf0-1b3a-48d3-8967-3bcb024b27e8	1483138526.44	1483138552.48	1483138556.82	4.33779382706	worker-8
139	282a28eb-f70c-4242-ad4e-80b419f13f73	1483138885.28	1483138889.06	1483138893.12	4.05604100227	worker-1
141	21526d5e-2cd4-4b55-aa74-4576b6f94f1a	1483138889.37	1483138892.63	1483138896.88	4.24274611473	worker-2
145	6a84f776-b27f-4245-b3c1-69cf4c1cda4e	1483138897.2	1483138904.4	1483138908.44	4.04359388351	worker-4
148	79c420c0-eb3c-4bb8-bbf4-c66c0ecf1981	1483138902.98	1483138912.74	1483138917.1	4.35485100746	worker-5
153	5dbc87f0-cfb1-472f-b862-b70800fb1bc3	1483138912.43	1483138929.46	1483138934.66	5.20294189453	worker-7
155	9921baf1-a1d3-42e3-86d7-59ee902b156b	1483138916.29	1483138937.83	1483138941.44	3.61056900024	worker-8
161	264f1213-278f-4b53-b844-7c699a10c07d	1483138927.61	1483138954.59	1483138958.38	3.78793287277	worker-10
163	30d0998a-44f7-4dbe-9ff1-9ccfd6e2a115	1483138931.43	1483138962.95	1483138967.26	4.306401968	worker-11
166	410c8959-3598-4079-ab6c-35e362f4da2c	1483138937.52	1483138971.31	1483138975.27	3.95576286316	worker-12
168	23b86c01-d3fe-4c75-9625-8ebab35d4c12	1483138941.32	1483138979.65	1483138983.04	3.38802695274	worker-13
171	7300d610-b778-4031-9032-5f5b8e0c202d	1483138947.09	1483138987.97	1483138995.18	7.20208501816	celery@worker-14
173	da737446-abe6-412b-8ea0-e758332feaea	1483138951.32	1483138996.36	1483139000.35	3.98583197594	worker-15
175	2d4a6dae-27c6-4b30-969e-502bd65822c5	1483138955.13	1483139004.72	1483139008.18	3.45310592651	worker-16
178	481ead48-c784-47b7-ae67-a3350e2518dc	1483138961.03	1483139013.09	1483139016.72	3.63825488091	worker-17
181	0ad33fc2-8655-4a83-8423-a654cef0db7a	1483138967.01	1483139021.44	1483139026.46	5.02681088448	worker-18
183	665f8f28-aec2-455a-91d3-051cec9a9bf3	1483138971.12	1483139029.87	1483139033.26	3.39606595039	worker-19
186	e7706155-890e-427c-8cac-eb7bc39384b0	1483138977.02	1483139038.22	1483139042.86	4.63895511627	worker-20
188	2ed94fb9-029f-43a8-a9f9-91b71c84ae51	1483138980.87	1483139046.55	1483139050.86	4.30828094482	worker-21
191	e560efd1-410d-492a-9756-f6ecdfa3d5bb	1483138986.7	1483139054.93	1483139059.6	4.67518615723	worker-22
193	78360fde-3089-422b-b2e2-7b510184596d	1483138990.5	1483139064.36	1483139067.89	3.52864909172	worker-23
196	ea3a5afd-275e-4fdc-bcab-19e0a958bdff	1483138998.27	1483139073.74	1483139076.98	3.24547600746	worker-24
