91	30452cc9-8abe-41e5-99e1-80aed47cfae3	1483138245.86	1483138246.39	1483138262.95	16.562908795	celery@c2f64c88c34b
92	258bf493-03ba-44b9-b882-b2cb58824c6d	1483138268.36	1483138268.31	1483138272.91	4.596521495	celery@c2f64c88c34b
93	b81dc4b2-3866-49ee-b232-02fb327e8273	1483138271.32	1483138272.91	1483138277.38	4.474221256	celery@c2f64c88c34b
94	7ebc3b84-4c70-4b24-9a61-89e2258f3f1b	1483138277.27	1483138277.39	1483138281.65	4.265299252	celery@c2f64c88c34b
96	2cec58c9-b622-4470-9a87-3c497e0ed7d8	1483138488.78	1483138488.76	1483138494.47	5.707526805	celery@c2f64c88c34b
97	3b1052dc-3231-499c-b5ad-769caa0b4607	1483138491.18	1483138494.48	1483138499.95	5.46683737	celery@c2f64c88c34b
99	35121b6f-199d-412e-bb08-78e72638a98c	1483138495.09	1483138499.29	1483138506.12	6.835539676	worker-2
100	80d67f0a-e54e-4b5f-83a0-14919dd52c2d	1483138497.26	1483138499.95	1483138505.65	5.701209114	celery@c2f64c88c34b
101	be404dcb-e842-4362-a40c-9494f1a9b183	1483138499.16	1483138505.65	1483138511.15	5.495930222	celery@c2f64c88c34b
103	1e11d362-5730-4d23-880f-a619e818739e	1483138503.48	1483138511.15	1483138516.61	5.459720881	celery@c2f64c88c34b
105	e76d5e5c-3529-4c1c-93f9-2a238535f7be	1483138507.34	1483138516.62	1483138521.88	5.26262019	celery@c2f64c88c34b
106	e3000b42-2b0b-47a0-80a6-b1900888610d	1483138509.2	1483138521.89	1483138527.44	5.554148533	celery@c2f64c88c34b
108	ffef9a57-5b42-4ca1-9e2a-48571485b12f	1483138512.92	1483138527.45	1483138532.77	5.319142299	celery@c2f64c88c34b
109	3dc496e5-67ef-4723-8e5c-2e90ceab19f7	1483138514.85	1483138532.78	1483138537.98	5.206093177	celery@c2f64c88c34b
110	6b6765f1-f842-4b9d-8d0f-a38a5ed0bb80	1483138516.78	1483138534.54	1483138539.24	4.706054841	worker-6
111	a031e4e9-d9f8-4220-afdd-19e902b3278e	1483138518.81	1483138537.99	1483138543.23	5.244209325	celery@c2f64c88c34b
113	6ffd8b9e-fa9e-4e67-a776-e8fac5fcfbaf	1483138522.62	1483138543.23	1483138548.47	5.234683932	celery@c2f64c88c34b
114	b4620b96-69e3-4a81-b9d0-1bdbbb147758	1483138524.53	1483138548.48	1483138553.85	5.371916163	celery@c2f64c88c34b
116	01251ef8-abb2-4a8d-89cf-cb28dab848c2	1483138528.32	1483138553.85	1483138559.42	5.570226894	celery@c2f64c88c34b
117	549e76db-f728-488a-b89a-8f09e1c0b06e	1483138530.28	1483138559.43	1483138564.56	5.129012464	celery@c2f64c88c34b
118	708dcd73-a112-4a94-af98-47260b96a032	1483138532.37	1483138559.74	1483138564.45	4.718719506	worker-9
138	8b376e3c-b695-4260-944a-2552345142bc	1483138883.4	1483138883.38	1483138888.18	4.798907138	celery@c2f64c88c34b
140	8f52f38b-3a14-4463-a0ca-71b9e22ab589	1483138887.24	1483138888.18	1483138894.15	5.963402606	celery@c2f64c88c34b
143	a61f1dd9-19b5-44a4-9b82-82fd4804ad36	1483138893.26	1483138894.79	1483138900.01	5.225997601	worker-3
142	fe0849f2-3aa9-4961-82b9-71ad80b5e9d8	1483138891.2	1483138894.22	1483138899.87	5.652028861	celery@c2f64c88c34b
144	edc06ba8-a93c-4e39-903d-f40f5614ed0d	1483138895.2	1483138899.88	1483138905.26	5.384920514	celery@c2f64c88c34b
146	7941a6c0-d37e-4cd9-9ce8-569517c2497c	1483138899.16	1483138905.27	1483138910.64	5.376267802	celery@c2f64c88c34b
147	8f15700e-d1f1-4f0e-a7e5-416e59b487d2	1483138901.16	1483138910.65	1483138915.88	5.230978214	celery@c2f64c88c34b
149	064ce434-fcc4-4bb8-958f-8ff9f302efa9	1483138904.91	1483138915.88	1483138921.05	5.165147976	celery@c2f64c88c34b
150	98f37535-4329-4541-8eb9-4bfe253d0bda	1483138906.81	1483138919.98	1483138924.65	4.673203152	worker-6
151	a94af42f-25de-428f-8407-643205149b27	1483138908.69	1483138921.05	1483138926.5	5.447655749	celery@c2f64c88c34b
152	42333252-270e-4c5b-a2ba-3dc4b6393c03	1483138910.55	1483138926.5	1483138931.7	5.203820938	celery@c2f64c88c34b
154	354cf74c-3eeb-4a45-b9d9-d26639bb67eb	1483138914.34	1483138931.71	1483138937.15	5.443011742	celery@c2f64c88c34b
156	854bfcf4-c39f-4d3a-9728-fbe35e4f767b	1483138918.16	1483138937.15	1483138942.53	5.38093957	celery@c2f64c88c34b
157	6376a5fc-d699-472f-b473-3f23ea453586	1483138920.2	1483138942.54	1483138947.74	5.206995924	celery@c2f64c88c34b
158	9ff74e0d-cc0c-4319-aade-63cdf4676e32	1483138922.17	1483138944.99	1483138950.18	5.188013891	worker-9
159	6bf07eae-f9bf-4897-a27a-d15aaa8ac0fd	1483138924.06	1483138947.75	1483138953.31	5.567173076	celery@c2f64c88c34b
160	39a3dbaa-23a7-40cd-b9aa-844fa21a5577	1483138925.86	1483138953.32	1483138958.73	5.410140659	celery@c2f64c88c34b
162	9808fa40-2970-45b0-86d6-afc9666a3d21	1483138929.52	1483138958.73	1483138963.88	5.145239469	celery@c2f64c88c34b
164	6a0aba1e-8b82-42bb-a007-2bc872b221bd	1483138933.4	1483138963.88	1483138969.46	5.581279944	celery@c2f64c88c34b
165	8e54743a-6309-43a9-b477-a02b57e34258	1483138935.61	1483138969.46	1483138974.72	5.257453454	celery@c2f64c88c34b
167	249b7a29-1d65-440a-b893-678a30abbe7c	1483138939.41	1483138974.73	1483138979.93	5.201622721	celery@c2f64c88c34b
169	6c1455ca-8148-405d-91a3-255dfecf12c1	1483138943.26	1483138979.93	1483138985.35	5.411843637	celery@c2f64c88c34b
170	f23a55b5-e2bc-4e4f-82ad-8ca615608b7f	1483138945.13	1483138985.35	1483138990.59	5.236772496	celery@c2f64c88c34b
172	9dfc5bc9-18ee-4449-8362-79f296063dd8	1483138949.17	1483138990.59	1483138996.9	6.310523894	celery@c2f64c88c34b
174	f2ab1719-4168-468d-ad0f-b9b1eb4adf07	1483138953.24	1483138996.9	1483139003.94	7.035327066	celery@c2f64c88c34b
176	9eba2dd1-a0bb-4faa-b46b-0b9a92be1bb1	1483138957.04	1483139003.94	1483139009.53	5.586634331	celery@c2f64c88c34b
177	c3152a1a-4a2c-47bf-8b01-6bb79fcd4a2d	1483138958.91	1483139009.58	1483139014.83	5.245694223	celery@c2f64c88c34b
179	8758d644-b1a6-4790-a02a-3a5d81d82b9e	1483138963.0	1483139014.83	1483139020.27	5.435622005	celery@c2f64c88c34b
180	a1481eb1-c8be-47f7-bbb5-1719385fdcd7	1483138965.06	1483139020.27	1483139025.63	5.360873822	celery@c2f64c88c34b
182	072315dc-f344-4415-a8fa-a1e7c35139ee	1483138969.06	1483139025.63	1483139030.96	5.328209993	celery@c2f64c88c34b
184	f71b430b-762d-4a44-b7fc-a3e6d6157f67	1483138973.1	1483139030.97	1483139036.22	5.251146687	celery@c2f64c88c34b
185	eca81b7e-bdfd-4fe0-8c8f-b679995520ff	1483138974.97	1483139036.23	1483139041.54	5.305566204	celery@c2f64c88c34b
187	191f382d-4043-489e-a48f-509e942897d0	1483138978.92	1483139041.54	1483139046.97	5.427894396	celery@c2f64c88c34b
189	933d7161-758b-455f-8ef9-c472b6e400a9	1483138982.8	1483139046.99	1483139052.45	5.463772955	celery@c2f64c88c34b
190	df16b754-6842-4169-9964-55eca4e86857	1483138984.73	1483139052.46	1483139057.45	4.995661197	celery@c2f64c88c34b
192	613b1f42-8d2d-472f-8a40-215da19428b4	1483138988.62	1483139057.46	1483139062.96	5.500701458	celery@c2f64c88c34b
194	54532bcb-9f66-40cf-a40b-de43358ca0a6	1483138994.08	1483139062.96	1483139068.12	5.159149009	celery@c2f64c88c34b
195	68b019e7-b340-430f-a928-3d89aff16839	1483138996.14	1483139068.13	1483139073.33	5.207298527	celery@c2f64c88c34b
197	d974917a-ff39-473c-abb1-9a15672ff4e4	1483139000.14	1483139073.34	1483139078.76	5.419572132	celery@c2f64c88c34b
