Written by class gov.usgs.trinli.ft.point.writer.PrmsWriter
////////////////////////////////////////////////////////////
// Station metadata (listed in the same order as the data):
// ID				Type	Latitude	Longitude	Elevation
// 10243260			runoff	39.0116		-114.2144		2042.16
// 263340			precip	39.0056		-114.2206		2087.88
// 263340			tmax	39.0056		-114.2206		2087.88
// 263340			tmin	39.0056		-114.2206		2087.88
////////////////////////////////////////////////////////////
// Unit: runoff = ft3 per sec, precip = in, temperature = deg F, elevation = meters
////////////////////////////////////////////////////////////
runoff 1
precip 1
tmax 1
tmin 1
########################################
2002 10 1 0 0 0 2.7 0.09 57.0 34.0
2002 10 2 0 0 0 2.7 1.0 38.0 29.0
2002 10 3 0 0 0 2.8 0.0 41.0 31.0
2002 10 4 0 0 0 2.8 0.0 53.0 35.0
2002 10 5 0 0 0 2.6 0.0 51.0 35.0
2002 10 6 0 0 0 2.4 0.0 59.0 40.0
2002 10 7 0 0 0 2.8 0.0 59.0 40.0
2002 10 8 0 0 0 2.5 0.0 65.0 43.0
2002 10 9 0 0 0 2.4 0.0 67.0 42.0
2002 10 10 0 0 0 2.3 0.0 68.0 46.0
2002 10 11 0 0 0 2.2 0.0 71.0 38.0
2002 10 12 0 0 0 2.1 0.0 59.0 31.0
2002 10 13 0 0 0 2.1 0.0 58.0 29.0
2002 10 14 0 0 0 2.1 0.0 59.0 34.0
2002 10 15 0 0 0 2.1 0.0 63.0 36.0
2002 10 16 0 0 0 2.0 0.0 64.0 36.0
2002 10 17 0 0 0 2.0 0.0 61.0 37.0
2002 10 18 0 0 0 1.9 0.0 62.0 36.0
2002 10 19 0 0 0 1.9 0.0 64.0 36.0
2002 10 20 0 0 0 1.9 0.0 64.0 40.0
2002 10 21 0 0 0 1.9 0.0 64.0 37.0
2002 10 22 0 0 0 1.8 0.0 64.0 35.0
2002 10 23 0 0 0 1.8 0.0 63.0 32.0
2002 10 24 0 0 0 1.8 0.0 53.0 31.0
2002 10 25 0 0 0 1.8 0.0 56.0 32.0
2002 10 26 0 0 0 1.9 0.18 54.0 35.0
2002 10 27 0 0 0 1.8 0.0 45.0 -999.0
2002 10 28 0 0 0 1.8 0.0 51.0 33.0
2002 10 29 0 0 0 1.7 0.0 55.0 26.0
2002 10 30 0 0 0 1.6 0.0 46.0 24.0
2002 10 31 0 0 0 1.7 0.0 48.0 21.0
2002 11 1 0 0 0 1.8 0.0 35.0 8.0
2002 11 2 0 0 0 1.8 0.0 28.0 10.0
2002 11 3 0 0 0 1.8 0.0 38.0 15.0
2002 11 4 0 0 0 1.8 0.0 37.0 15.0
2002 11 5 0 0 0 1.8 0.0 44.0 27.0
2002 11 6 0 0 0 1.6 0.0 51.0 28.0
2002 11 7 0 0 0 1.5 0.0 56.0 36.0
2002 11 8 0 0 0 1.8 0.03 50.0 35.0
2002 11 9 0 0 0 1.7 1.07 46.0 38.0
2002 11 10 0 0 0 1.7 0.02 46.0 30.0
2002 11 11 0 0 0 1.7 0.06 45.0 27.0
2002 11 12 0 0 0 1.7 0.0 42.0 24.0
2002 11 13 0 0 0 1.8 0.0 44.0 24.0
2002 11 14 0 0 0 1.7 0.0 49.0 28.0
2002 11 15 0 0 0 1.7 0.0 47.0 27.0
2002 11 16 0 0 0 1.7 0.0 44.0 28.0
2002 11 17 0 0 0 1.7 0.0 54.0 35.0
2002 11 18 0 0 0 1.8 0.0 52.0 21.0
2002 11 19 0 0 0 1.7 0.0 45.0 26.0
2002 11 20 0 0 0 1.6 0.0 49.0 26.0
2002 11 21 0 0 0 1.6 0.0 51.0 32.0
2002 11 22 0 0 0 1.6 0.0 56.0 37.0
2002 11 23 0 0 0 1.6 0.0 59.0 35.0
2002 11 24 0 0 0 1.6 0.0 56.0 29.0
2002 11 25 0 0 0 1.6 1.15 48.0 18.0
2002 11 26 0 0 0 1.5 0.0 33.0 21.0
2002 11 27 0 0 0 1.5 0.0 44.0 19.0
2002 11 28 0 0 0 1.4 0.0 40.0 25.0
2002 11 29 0 0 0 1.5 0.0 43.0 25.0
2002 11 30 0 0 0 1.5 0.0 46.0 27.0
2002 12 1 0 0 0 1.4 0.0 41.0 29.0
2002 12 2 0 0 0 1.3 0.0 44.0 25.0
2002 12 3 0 0 0 1.3 0.0 43.0 23.0
2002 12 4 0 0 0 1.3 0.0 42.0 26.0
2002 12 5 0 0 0 1.3 0.0 46.0 26.0
2002 12 6 0 0 0 1.2 0.0 46.0 26.0
2002 12 7 0 0 0 1.2 0.0 42.0 24.0
2002 12 8 0 0 0 1.2 0.0 43.0 22.0
2002 12 9 0 0 0 1.2 0.0 40.0 22.0
2002 12 10 0 0 0 1.1 0.0 44.0 26.0
2002 12 11 0 0 0 1.1 0.0 43.0 21.0
2002 12 12 0 0 0 1.1 0.0 42.0 25.0
2002 12 13 0 0 0 1.1 0.0 46.0 29.0
2002 12 14 0 0 0 1.0 0.0 48.0 30.0
2002 12 15 0 0 0 1.0 0.0 54.0 34.0
2002 12 16 0 0 0 1.1 0.0 46.0 26.0
2002 12 17 0 0 0 1.1 0.35 40.0 27.0
2002 12 18 0 0 0 1.1 0.01 39.0 15.0
2002 12 19 0 0 0 1.1 -999.0 33.0 10.0
2002 12 20 0 0 0 1.1 0.0 36.0 17.0
2002 12 21 0 0 0 1.1 0.0 33.0 14.0
2002 12 22 0 0 0 1.1 0.0 37.0 16.0
2002 12 23 0 0 0 1.1 0.2 26.0 17.0
2002 12 24 0 0 0 1.1 0.0 23.0 6.0
2002 12 25 0 0 0 1.1 0.0 27.0 8.0
2002 12 26 0 0 0 1.1 0.0 30.0 8.0
2002 12 27 0 0 0 1.1 0.0 40.0 9.0
2002 12 28 0 0 0 1.1 0.0 51.0 31.0
2002 12 29 0 0 0 0.93 0.0 51.0 26.0
2002 12 30 0 0 0 0.92 0.0 38.0 16.0
2002 12 31 0 0 0 0.94 0.0 40.0 23.0
2003 1 1 0 0 0 0.92 0.0 39.0 17.0
2003 1 2 0 0 0 0.92 0.0 36.0 20.0
2003 1 3 0 0 0 0.96 0.0 48.0 26.0
2003 1 4 0 0 0 0.93 0.0 60.0 34.0
2003 1 5 0 0 0 0.92 0.0 57.0 25.0
2003 1 6 0 0 0 0.9 0.0 53.0 25.0
2003 1 7 0 0 0 0.93 0.0 45.0 26.0
2003 1 8 0 0 0 0.99 0.0 47.0 27.0
2003 1 9 0 0 0 0.96 0.0 49.0 30.0
2003 1 10 0 0 0 0.96 0.2 48.0 31.0
2003 1 11 0 0 0 0.96 0.01 45.0 27.0
2003 1 12 0 0 0 0.96 0.0 41.0 25.0
2003 1 13 0 0 0 0.96 0.0 46.0 31.0
2003 1 14 0 0 0 0.96 0.0 52.0 31.0
2003 1 15 0 0 0 0.96 0.0 52.0 30.0
2003 1 16 0 0 0 1.0 0.0 45.0 30.0
2003 1 17 0 0 0 1.0 0.0 44.0 26.0
2003 1 18 0 0 0 1.0 0.0 42.0 25.0
2003 1 19 0 0 0 1.0 0.0 46.0 27.0
2003 1 20 0 0 0 1.0 0.0 51.0 31.0
2003 1 21 0 0 0 1.0 0.0 55.0 30.0
2003 1 22 0 0 0 0.99 0.0 49.0 27.0
2003 1 23 0 0 0 0.99 0.0 51.0 -999.0
2003 1 24 0 0 0 0.99 0.0 54.0 31.0
2003 1 25 0 0 0 0.99 0.0 52.0 30.0
2003 1 26 0 0 0 1.0 0.0 45.0 26.0
2003 1 27 0 0 0 1.0 0.0 51.0 33.0
2003 1 28 0 0 0 1.0 0.11 58.0 33.0
2003 1 29 0 0 0 1.0 0.0 38.0 25.0
2003 1 30 0 0 0 1.0 0.0 48.0 29.0
2003 1 31 0 0 0 1.0 0.0 60.0 29.0
2003 2 1 0 0 0 1.0 0.0 61.0 42.0
2003 2 2 0 0 0 1.1 0.55 58.0 21.0
2003 2 3 0 0 0 1.0 0.0 32.0 14.0
2003 2 4 0 0 0 1.0 0.0 33.0 15.0
2003 2 5 0 0 0 0.9 0.15 32.0 11.0
2003 2 6 0 0 0 0.9 0.22 27.0 14.0
2003 2 7 0 0 0 0.95 0.0 21.0 -1.0
2003 2 8 0 0 0 0.95 0.0 22.0 2.0
2003 2 9 0 0 0 0.95 0.0 28.0 2.0
2003 2 10 0 0 0 0.95 0.0 34.0 17.0
2003 2 11 0 0 0 0.95 0.0 47.0 25.0
2003 2 12 0 0 0 0.95 0.0 47.0 25.0
2003 2 13 0 0 0 0.95 0.13 41.0 31.0
2003 2 14 0 0 0 0.95 -999.0 43.0 30.0
2003 2 15 0 0 0 0.95 0.0 48.0 27.0
2003 2 16 0 0 0 0.96 0.0 45.0 33.0
2003 2 17 0 0 0 0.95 0.0 45.0 25.0
2003 2 18 0 0 0 0.95 0.0 38.0 22.0
2003 2 19 0 0 0 0.95 0.0 43.0 22.0
2003 2 20 0 0 0 0.95 0.06 39.0 27.0
2003 2 21 0 0 0 0.95 0.0 44.0 22.0
2003 2 22 0 0 0 0.95 0.0 50.0 22.0
2003 2 23 0 0 0 0.95 0.0 43.0 19.0
2003 2 24 0 0 0 0.95 0.0 47.0 19.0
2003 2 25 0 0 0 0.95 0.54 36.0 19.0
2003 2 26 0 0 0 0.95 0.0 28.0 20.0
2003 2 27 0 0 0 0.95 0.0 35.0 11.0
2003 2 28 0 0 0 0.95 0.11 35.0 19.0
2003 3 1 0 0 0 0.95 0.04 36.0 18.0
2003 3 2 0 0 0 0.95 0.08 31.0 9.0
2003 3 3 0 0 0 0.95 0.0 37.0 22.0
2003 3 4 0 0 0 0.95 0.08 46.0 24.0
2003 3 5 0 0 0 0.95 0.0 33.0 13.0
2003 3 6 0 0 0 0.95 0.0 45.0 27.0
2003 3 7 0 0 0 0.95 0.0 49.0 27.0
2003 3 8 0 0 0 0.95 0.0 52.0 28.0
2003 3 9 0 0 0 1.0 0.0 58.0 33.0
2003 3 10 0 0 0 1.1 0.0 59.0 32.0
2003 3 11 0 0 0 1.2 0.0 58.0 33.0
2003 3 12 0 0 0 1.2 0.0 61.0 33.0
2003 3 13 0 0 0 1.2 0.0 60.0 39.0
2003 3 14 0 0 0 1.3 0.0 65.0 40.0
2003 3 15 0 0 0 1.3 0.0 -999.0 39.0
2003 3 16 0 0 0 1.3 0.25 56.0 29.0
2003 3 17 0 0 0 1.3 0.0 44.0 30.0
2003 3 18 0 0 0 1.2 0.0 44.0 30.0
2003 3 19 0 0 0 1.2 0.0 43.0 27.0
2003 3 20 0 0 0 1.2 0.0 45.0 25.0
2003 3 21 0 0 0 1.2 0.0 46.0 28.0
2003 3 22 0 0 0 1.2 0.0 50.0 31.0
2003 3 23 0 0 0 1.2 0.0 63.0 39.0
2003 3 24 0 0 0 1.2 0.0 56.0 30.0
2003 3 25 0 0 0 1.2 0.0 43.0 27.0
2003 3 26 0 0 0 1.2 0.0 59.0 41.0
2003 3 27 0 0 0 1.2 0.0 59.0 26.0
2003 3 28 0 0 0 1.1 0.0 43.0 21.0
2003 3 29 0 0 0 1.2 0.0 37.0 19.0
2003 3 30 0 0 0 1.1 0.0 48.0 19.0
2003 3 31 0 0 0 1.1 0.0 58.0 36.0
2003 4 1 0 0 0 1.2 0.0 67.0 50.0
2003 4 2 0 0 0 1.2 0.0 62.0 40.0
2003 4 3 0 0 0 1.2 0.3 44.0 16.0
2003 4 4 0 0 0 1.4 0.0 37.0 19.0
2003 4 5 0 0 0 1.2 0.08 44.0 24.0
2003 4 6 0 0 0 1.1 0.0 46.0 22.0
2003 4 7 0 0 0 1.1 0.0 39.0 23.0
2003 4 8 0 0 0 1.2 0.0 42.0 22.0
2003 4 9 0 0 0 1.2 0.0 56.0 23.0
2003 4 10 0 0 0 1.2 0.0 70.0 38.0
2003 4 11 0 0 0 1.2 0.0 68.0 -999.0
2003 4 12 0 0 0 1.3 0.0 68.0 41.0
2003 4 13 0 0 0 1.3 0.0 64.0 46.0
2003 4 14 0 0 0 1.3 0.0 60.0 41.0
2003 4 15 0 0 0 1.4 0.75 52.0 27.0
2003 4 16 0 0 0 1.3 0.0 42.0 24.0
2003 4 17 0 0 0 1.3 0.0 52.0 33.0
2003 4 18 0 0 0 1.3 0.0 48.0 28.0
2003 4 19 0 0 0 1.4 0.41 42.0 24.0
2003 4 20 0 0 0 1.3 0.0 47.0 24.0
2003 4 21 0 0 0 1.4 0.0 55.0 39.0
2003 4 22 0 0 0 1.3 0.0 53.0 36.0
2003 4 23 0 0 0 1.4 0.15 45.0 29.0
2003 4 24 0 0 0 1.3 0.0 50.0 30.0
2003 4 25 0 0 0 1.4 0.0 63.0 36.0
2003 4 26 0 0 0 1.4 0.0 60.0 43.0
2003 4 27 0 0 0 1.5 0.0 56.0 28.0
2003 4 28 0 0 0 1.4 0.0 51.0 33.0
2003 4 29 0 0 0 1.5 0.0 58.0 -999.0
2003 4 30 0 0 0 1.7 0.72 54.0 29.0
2003 5 1 0 0 0 1.6 0.0 44.0 26.0
2003 5 2 0 0 0 1.6 0.0 48.0 33.0
2003 5 3 0 0 0 1.6 0.0 46.0 37.0
2003 5 4 0 0 0 1.6 0.6 59.0 30.0
2003 5 5 0 0 0 1.5 0.0 51.0 30.0
2003 5 6 0 0 0 1.5 0.0 49.0 29.0
2003 5 7 0 0 0 1.6 0.05 55.0 35.0
2003 5 8 0 0 0 1.6 0.0 43.0 31.0
2003 5 9 0 0 0 1.6 0.38 43.0 23.0
2003 5 10 0 0 0 1.6 0.02 43.0 28.0
2003 5 11 0 0 0 1.6 0.0 50.0 30.0
2003 5 12 0 0 0 1.6 0.0 63.0 42.0
2003 5 13 0 0 0 1.7 0.0 69.0 41.0
2003 5 14 0 0 0 1.9 0.0 68.0 45.0
2003 5 15 0 0 0 2.2 0.0 70.0 49.0
2003 5 16 0 0 0 2.8 0.0 73.0 47.0
2003 5 17 0 0 0 3.4 0.0 77.0 48.0
2003 5 18 0 0 0 3.3 0.0 -999.0 34.0
2003 5 19 0 0 0 3.5 0.0 59.0 29.0
2003 5 20 0 0 0 3.6 0.0 53.0 31.0
2003 5 21 0 0 0 4.0 0.0 67.0 42.0
2003 5 22 0 0 0 5.0 0.0 76.0 50.0
2003 5 23 0 0 0 6.0 0.0 80.0 53.0
2003 5 24 0 0 0 7.1 0.0 82.0 57.0
2003 5 25 0 0 0 8.4 0.0 79.0 52.0
2003 5 26 0 0 0 10.0 0.0 80.0 57.0
2003 5 27 0 0 0 9.1 0.0 82.0 56.0
2003 5 28 0 0 0 12.0 0.0 82.0 57.0
2003 5 29 0 0 0 15.0 0.0 91.0 66.0
2003 5 30 0 0 0 20.0 0.0 90.0 64.0
2003 5 31 0 0 0 24.0 0.0 89.0 53.0
2003 6 1 0 0 0 24.0 0.0 84.0 -999.0
2003 6 2 0 0 0 23.0 0.0 78.0 52.0
2003 6 3 0 0 0 23.0 0.0 85.0 48.0
2003 6 4 0 0 0 23.0 0.0 80.0 50.0
2003 6 5 0 0 0 22.0 0.0 76.0 44.0
2003 6 6 0 0 0 21.0 0.0 74.0 48.0
2003 6 7 0 0 0 21.0 0.0 83.0 52.0
2003 6 8 0 0 0 21.0 0.0 77.0 52.0
2003 6 9 0 0 0 20.0 0.05 77.0 58.0
2003 6 10 0 0 0 20.0 0.02 81.0 58.0
2003 6 11 0 0 0 21.0 0.0 83.0 52.0
2003 6 12 0 0 0 20.0 0.02 76.0 51.0
2003 6 13 0 0 0 19.0 0.0 80.0 49.0
2003 6 14 0 0 0 18.0 0.0 80.0 54.0
2003 6 15 0 0 0 18.0 0.0 86.0 56.0
2003 6 16 0 0 0 17.0 0.0 88.0 56.0
2003 6 17 0 0 0 17.0 0.0 80.0 57.0
2003 6 18 0 0 0 16.0 0.0 85.0 59.0
2003 6 19 0 0 0 16.0 0.0 90.0 65.0
2003 6 20 0 0 0 15.0 0.0 89.0 59.0
2003 6 21 0 0 0 15.0 0.0 70.0 49.0
2003 6 22 0 0 0 14.0 0.0 70.0 45.0
2003 6 23 0 0 0 14.0 0.18 76.0 43.0
2003 6 24 0 0 0 14.0 0.9 59.0 38.0
2003 6 25 0 0 0 13.0 0.02 58.0 37.0
2003 6 26 0 0 0 13.0 0.0 66.0 45.0
2003 6 27 0 0 0 12.0 0.0 74.0 50.0
2003 6 28 0 0 0 12.0 0.0 82.0 57.0
2003 6 29 0 0 0 11.0 0.0 85.0 57.0
2003 6 30 0 0 0 11.0 0.0 92.0 64.0
2003 7 1 0 0 0 11.0 0.0 92.0 63.0
2003 7 2 0 0 0 10.0 0.0 89.0 54.0
2003 7 3 0 0 0 10.0 0.0 91.0 56.0
2003 7 4 0 0 0 9.8 0.0 88.0 58.0
2003 7 5 0 0 0 9.3 0.0 88.0 60.0
2003 7 6 0 0 0 9.4 0.0 91.0 60.0
2003 7 7 0 0 0 9.1 0.0 91.0 61.0
2003 7 8 0 0 0 8.7 0.0 94.0 66.0
2003 7 9 0 0 0 8.4 0.0 90.0 58.0
2003 7 10 0 0 0 8.4 0.0 90.0 58.0
2003 7 11 0 0 0 7.9 0.0 94.0 74.0
2003 7 12 0 0 0 7.3 0.0 96.0 64.0
2003 7 13 0 0 0 7.1 0.0 96.0 65.0
2003 7 14 0 0 0 6.8 0.0 97.0 65.0
2003 7 15 0 0 0 6.4 0.0 95.0 66.0
2003 7 16 0 0 0 6.1 0.0 94.0 68.0
2003 7 17 0 0 0 6.3 0.0 95.0 65.0
2003 7 18 0 0 0 6.1 0.0 91.0 67.0
2003 7 19 0 0 0 5.8 0.02 94.0 66.0
2003 7 20 0 0 0 5.6 0.0 86.0 64.0
2003 7 21 0 0 0 5.8 0.58 88.0 58.0
2003 7 22 0 0 0 6.2 0.0 90.0 59.0
2003 7 23 0 0 0 6.1 0.0 93.0 66.0
2003 7 24 0 0 0 6.0 0.0 93.0 67.0
2003 7 25 0 0 0 6.0 0.0 91.0 66.0
2003 7 26 0 0 0 5.9 0.0 85.0 59.0
2003 7 27 0 0 0 5.7 0.02 84.0 59.0
2003 7 28 0 0 0 5.3 0.0 86.0 64.0
2003 7 29 0 0 0 5.3 0.0 89.0 64.0
2003 7 30 0 0 0 5.3 0.0 90.0 64.0
2003 7 31 0 0 0 5.5 0.0 91.0 64.0
2003 8 1 0 0 0 5.4 1.38 89.0 56.0
2003 8 2 0 0 0 5.2 0.0 88.0 61.0
2003 8 3 0 0 0 5.2 0.0 86.0 55.0
2003 8 4 0 0 0 5.1 0.0 80.0 55.0
2003 8 5 0 0 0 5.0 0.0 80.0 50.0
2003 8 6 0 0 0 4.9 0.0 84.0 62.0
2003 8 7 0 0 0 4.8 0.0 83.0 63.0
2003 8 8 0 0 0 4.7 0.0 87.0 64.0
2003 8 9 0 0 0 4.6 0.0 88.0 65.0
2003 8 10 0 0 0 4.5 0.0 89.0 67.0
2003 8 11 0 0 0 4.4 0.0 92.0 66.0
2003 8 12 0 0 0 4.3 0.0 90.0 60.0
2003 8 13 0 0 0 4.5 0.0 90.0 63.0
2003 8 14 0 0 0 4.4 0.0 91.0 63.0
2003 8 15 0 0 0 4.3 0.0 92.0 68.0
2003 8 16 0 0 0 4.8 0.0 90.0 56.0
2003 8 17 0 0 0 4.6 0.22 80.0 55.0
2003 8 18 0 0 0 4.4 0.0 88.0 54.0
2003 8 19 0 0 0 4.4 0.0 88.0 55.0
2003 8 20 0 0 0 4.5 0.0 93.0 63.0
2003 8 21 0 0 0 4.6 0.0 93.0 60.0
2003 8 22 0 0 0 5.2 0.05 85.0 59.0
2003 8 23 0 0 0 4.9 0.33 82.0 55.0
2003 8 24 0 0 0 4.9 0.0 83.0 58.0
2003 8 25 0 0 0 4.8 0.0 82.0 54.0
2003 8 26 0 0 0 4.9 0.0 83.0 61.0
2003 8 27 0 0 0 4.9 0.0 82.0 54.0
2003 8 28 0 0 0 4.8 0.0 78.0 62.0
2003 8 29 0 0 0 4.7 0.0 86.0 -999.0
2003 8 30 0 0 0 4.8 0.07 78.0 47.0
2003 8 31 0 0 0 4.7 0.0 83.0 46.0
2003 9 1 0 0 0 4.8 0.06 81.0 52.0
2003 9 2 0 0 0 5.4 0.27 76.0 50.0
2003 9 3 0 0 0 5.3 0.05 78.0 54.0
2003 9 4 0 0 0 5.3 0.0 81.0 59.0
2003 9 5 0 0 0 5.4 0.0 77.0 56.0
2003 9 6 0 0 0 5.2 0.34 79.0 48.0
2003 9 7 0 0 0 4.9 0.0 74.0 -999.0
2003 9 8 0 0 0 4.9 0.0 80.0 61.0
2003 9 9 0 0 0 5.0 0.0 76.0 48.0
2003 9 10 0 0 0 5.0 0.0 68.0 43.0
2003 9 11 0 0 0 4.9 0.0 62.0 39.0
2003 9 12 0 0 0 4.8 0.0 68.0 47.0
2003 9 13 0 0 0 4.8 0.0 78.0 38.0
2003 9 14 0 0 0 4.6 0.0 60.0 37.0
2003 9 15 0 0 0 4.3 0.0 70.0 37.0
2003 9 16 0 0 0 4.2 0.0 80.0 54.0
2003 9 17 0 0 0 4.2 0.0 80.0 41.0
2003 9 18 0 0 0 4.2 0.0 61.0 31.0
2003 9 19 0 0 0 4.3 0.0 62.0 37.0
2003 9 20 0 0 0 4.3 0.0 72.0 44.0
2003 9 21 0 0 0 4.1 0.0 72.0 45.0
2003 9 22 0 0 0 3.9 0.0 74.0 47.0
2003 9 23 0 0 0 3.7 0.0 78.0 53.0
2003 9 24 0 0 0 3.6 0.0 82.0 53.0
2003 9 25 0 0 0 3.5 0.0 81.0 51.0
2003 9 26 0 0 0 3.5 0.0 80.0 52.0
2003 9 27 0 0 0 3.3 0.0 80.0 54.0
2003 9 28 0 0 0 3.2 0.0 81.0 54.0
2003 9 29 0 0 0 3.1 0.0 83.0 54.0
2003 9 30 0 0 0 3.1 0.0 83.0 56.0
