1489532005.85		0		0
1489532007.85		0		0
1489532009.86		0		0
1489532011.86		0		0
1489532013.86		0		0
1489532015.86		0		0
1489532017.87		0		0
1489532019.87		0		0
1489532021.87		0		0
1489532023.87		0		0
1489532025.88		0		0
1489532027.88		0		0
1489532029.88		0		0
1489532031.88		0		0
1489532033.89		0		0
1489532035.89		0		0
1489532037.89		0		0
1489532039.9		0		0
1489532041.9		0		0
1489532043.9		0		0
1489532045.91		0		0
1489532047.91		0		0
1489532049.91		0		0
1489532051.91		0		0
1489532053.91		0		0
1489532055.92		0		0
1489532057.92		0		0
1489532059.92		0		0
1489532061.93		0		0
1489532063.93		0		0
1489532065.93		0		0
1489532067.93		0		0
1489532069.93		0		0
1489532071.94		0		0
1489532073.94		0		0
1489532075.94		0		0
1489532077.94		0		0
1489532079.95		0		0
1489532081.95		0		0
1489532083.95		0		0
1489532085.95		0		0
1489532087.95		0		0
1489532089.96		0		0
1489532091.96		0		0
1489532093.96		0		0
1489532095.96		0		0
1489532097.97		0		0
1489532099.97		0		0
1489532101.97		0		0
1489532103.97		0		0
1489532105.97		0		0
1489532107.98		0		0
1489532109.98		0		0
1489532111.98		0		0
1489532113.98		0		0
1489532115.99		0		0
1489532117.99		0		0
1489532119.99		0		0
1489532121.99		0		0
1489532124.0		0		0
1489532126.0		0		0
1489532128.0		0		0
1489532130.0		0		0
1489532132.01		0		0
1489532134.01		0		0
1489532136.01		0		0
1489532138.01		0		0
1489532140.01		0		0
1489532142.02		0		0
1489532144.02		0		0
1489532146.02		0		0
1489532148.02		0		0
1489532150.03		0		0
1489532152.03		0		0
1489532154.03		0		0
1489532156.03		0		0
1489532158.04		0		0
1489532160.04		0		0
1489532162.04		0		0
1489532164.04		0		0
1489532166.04		0		0
1489532168.05		0		0
1489532170.05		0		0
1489532172.05		0		0
1489532174.05		0		0
1489532176.06		0		0
1489532178.06		0		0
1489532180.06		0		0
1489532182.06		0		0
1489532184.06		0		0
1489532186.07		0		0
1489532188.07		0		0
1489532190.07		0		0
1489532192.07		0		0
1489532194.08		0		0
1489532196.08		0		0
1489532198.08		0		0
1489532200.08		0		0
1489532202.08		0		0
1489532204.08		0		0
1489532206.09		0		0
1489532208.09		0		0
1489532210.09		0		0
1489532212.09		0		0
1489532214.1		0		0
1489532216.1		0		0
1489532218.1		0		0
1489532220.1		0		0
1489532222.1		0		0
1489532224.11		0		0
1489532226.11		0		0
1489532228.11		0		0
1489532230.11		0		0
1489532232.11		0		0
1489532234.12		0		0
1489532236.12		0		0
1489532238.12		0		0
1489532240.12		0		0
1489532242.12		0		0
1489532244.13		0		0
1489532246.13		0		0
1489532248.13		0		0
1489532250.13		0		0
1489532252.13		0		0
1489532254.13		0		0
1489532256.14		0		0
1489532258.14		0		0
1489532260.14		0		0
1489532262.14		0		0
1489532264.15		0		0
1489532266.15		0		0
1489532268.15		0		0
1489532270.15		0		0
1489532272.16		0		0
1489532274.16		0		0
1489532276.16		0		0
1489532278.16		0		0
1489532280.17		0		0
1489532282.17		0		0
1489532284.18		0		0
1489532286.18		0		0
1489532288.18		0		0
1489532290.18		0		0
1489532292.19		0		0
1489532294.19		0		0
1489532296.19		0		0
1489532298.19		0		0
1489532300.19		0		0
1489532302.2		0		0
1489532304.2		0		0
1489532306.2		0		0
1489532308.2		0		0
1489532310.21		0		0
1489532312.21		0		0
1489532314.21		0		0
1489532316.21		0		0
1489532318.22		0		0
1489532320.22		0		0
1489532322.22		0		0
1489532324.22		0		0
1489532326.23		0		0
1489532328.23		0		0
1489532330.23		0		0
1489532332.23		0		0
1489532334.24		0		0
1489532336.24		0		0
1489532338.24		0		0
1489532340.24		0		0
1489532342.24		0		0
1489532344.25		0		0
1489532346.25		0		0
1489532348.25		0		0
1489532350.25		0		0
1489532352.25		0		0
1489532354.26		0		0
1489532356.26		0		0
1489532358.26		0		0
1489532360.27		0		0
1489532362.27		0		0
1489532364.27		0		0
1489532366.27		0		0
1489532368.27		0		0
1489532370.28		0		0
1489532372.28		0		0
1489532374.28		0		0
1489532376.28		0		0
1489532378.29		0		0
1489532380.29		0		0
1489532382.29		0		0
1489532384.29		0		0
1489532386.29		0		0
1489532388.29		0		0
1489532390.29		0		0
1489532392.3		0		0
1489532394.3		0		0
1489532396.3		0		0
1489532398.3		0		0
1489532400.31		0		0
1489532402.31		0		0
1489532404.31		0		0
1489532406.31		0		0
1489532408.32		0		0
1489532410.32		0		0
1489532412.32		0		0
1489532414.32		0		0
1489532416.33		0		0
1489532418.33		0		0
1489532420.33		0		0
1489532422.33		0		0
1489532424.34		0		0
1489532426.34		0		0
1489532428.34		0		0
1489532430.34		0		0
1489532432.34		0		0
1489532434.35		0		0
1489532436.35		0		0
1489532438.35		0		0
1489532440.35		0		0
1489532442.36		0		0
1489532444.36		0		0
1489532446.36		0		0
1489532448.36		0		0
1489532450.37		0		0
1489532452.37		0		0
1489532454.37		0		0
1489532456.37		0		0
1489532458.38		0		0
1489532460.38		0		0
1489532462.38		0		0
1489532464.38		0		0
1489532466.39		0		0
1489532468.39		0		0
1489532470.39		0		0
1489532472.39		0		0
1489532474.39		0		0
1489532476.4		0		0
1489532478.4		0		0
1489532480.4		0		0
1489532482.4		0		0
1489532484.41		0		0
1489532486.41		0		0
1489532488.41		0		0
1489532490.41		0		0
1489532492.42		0		0
1489532494.42		0		0
1489532496.42		0		0
1489532498.42		0		0
1489532500.43		0		0
1489532502.43		0		0
1489532504.43		0		0
1489532506.43		0		0
1489532508.43		0		0
1489532510.44		0		0
1489532512.44		0		0
1489532514.44		0		0
1489532516.44		0		0
1489532518.44		0		0
1489532520.44		0		0
1489532522.45		0		0
1489532524.45		0		0
1489532526.45		0		0
1489532528.45		0		0
1489532530.45		0		0
1489532532.46		0		0
1489532534.46		0		0
1489532536.46		0		0
1489532538.46		0		0
1489532540.46		0		0
1489532542.47		0		0
1489532544.47		0		0
1489532546.47		0		0
1489532694.16		0		0
1489532696.16		0		0
1489532698.16		0		0
1489532700.16		0		0
1489532702.17		0		0
1489532704.17		0		1
1489532706.18		0		3
1489532708.18		0		3
1489532710.18		0		4
1489532712.18		1		5
1489532714.18		1		5
1489532716.19		1		5
1489532718.19		1		5
1489532720.19		1		6
1489532722.19		2		5
1489532724.19		2		5
1489532726.2		2		6
1489532728.2		2		6
1489532730.2		2		7
1489532732.21		3		7
1489532734.21		3		7
1489532736.21		3		7
1489532738.21		3		7
1489532740.21		3		7
1489532742.21		4		6
1489532744.22		4		6
1489532746.22		4		6
1489532748.22		4		6
1489532750.22		5		5
1489532752.23		5		5
1489532754.23		5		5
1489532756.24		5		5
1489532758.24		5		5
1489532760.24		6		4
1489532762.24		6		4
1489532764.24		6		4
1489532766.25		6		4
1489532768.25		6		4
1489532770.25		7		3
1489532772.25		7		3
1489532774.25		7		3
1489532776.26		7		3
1489532778.26		7		3
1489532780.26		8		2
1489532782.26		8		2
1489532784.27		8		2
1489532786.28		8		2
1489532788.28		9		1
1489532790.28		9		1
1489532792.28		9		1
1489532794.28		9		1
1489532796.29		9		1
1489532798.29		10		0
1489532800.29		10		0
1489532802.29		10		0
1489532804.3		10		0
1489532806.3		10		0
1489532808.3		11		0
1489532810.3		11		0
1489532812.31		11		0
1489532814.31		11		0
1489532816.31		11		0
1489532818.31		11		0
1489532820.32		11		0
1489532822.32		11		0
1489532824.32		11		0
1489532826.32		11		0
1489532828.33		11		0
1489532830.33		11		0
1489532832.33		11		0
1489532834.33		11		0
1489532836.34		11		0
1489532838.34		11		0
1489532840.34		11		0
1489532842.35		11		0
1489532844.35		11		0
1489532846.35		11		0
1489532848.35		11		0
1489532850.36		11		0
1489532852.36		11		0
1489532854.36		11		0
1489532856.36		11		0
1489532858.36		11		0
1489532860.37		11		0
1489532862.37		11		0
1489532864.37		11		0
1489532866.37		11		0
